0 1
0 2
0 10
0 11
0 13
0 14
0 21
0 23
0 24
0 25
0 26
0 32
0 33
1 2
1 10
1 11
1 13
1 14
1 21
1 23
1 24
1 25
1 26
1 32
1 33
2 10
2 11
2 13
2 14
2 21
2 23
2 24
2 25
2 26
2 32
2 33
3 4
3 5
3 7
3 12
3 15
3 27
3 28
3 31
4 5
4 12
4 13
4 16
4 17
4 27
4 28
4 31
5 6
5 12
5 15
5 20
5 27
5 28
5 31
6 7
6 13
6 15
6 17
6 21
6 27
6 28
7 13
7 15
7 16
7 17
7 21
7 27
7 28
8 9
8 13
8 18
8 19
9 20
10 11
10 12
10 13
10 14
10 15
10 17
10 21
10 24
10 25
10 26
10 27
10 28
10 29
10 30
10 32
10 33
11 12
11 13
11 14
11 15
11 16
11 21
11 23
11 24
11 25
11 26
11 27
11 28
11 29
11 31
11 32
12 13
12 14
12 15
12 17
12 24
12 25
12 26
12 27
12 28
12 29
12 31
12 32
13 14
13 15
13 16
13 17
13 19
13 20
13 21
13 22
13 23
13 24
13 25
13 26
13 29
13 30
13 31
13 32
13 33
14 21
14 23
14 24
14 25
14 26
14 29
14 30
14 31
14 32
14 33
15 17
15 21
15 22
15 27
15 28
15 29
15 30
15 31
16 17
16 21
16 22
16 23
16 29
16 30
16 31
16 32
16 33
17 21
17 22
17 23
17 30
17 32
18 19
18 20
18 21
18 29
18 30
18 31
19 20
19 21
19 29
19 31
20 21
20 29
20 31
21 22
21 23
21 24
21 25
21 26
21 27
21 28
21 29
21 30
21 31
21 32
21 33
22 23
22 25
22 26
22 32
22 33
23 29
23 30
23 31
23 32
23 33
24 25
24 26
24 32
24 33
25 26
25 32
25 33
26 32
26 33
27 28
29 30
29 31
29 32
29 33
30 31
30 32
30 33
31 32
31 33
32 33
